117,4
117,3
117,1
94,4
94,3
94,1
92,4
92,3
92,1
85,3
85,1
21,3
21,2
21,1
21,0
20,3
20,2
20,1
19,3
19,2
19,1
18,3
18,1
17,3
17,2
17,1
16,3
16,2
16,1
15,3
15,2
15,1
14,3
14,2
14,1
13,3
13,2
13,1
12,3
12,2
12,1
11,3
11,2
11,1
10,3
10,2
10,1
9,3
9,2
9,1
8,3
8,2
8,1
7,13
7,12
7,11
7,10
7,9
7,8
7,7
7,6
7,5
7,4
7,3
7,2
7,1
6,6
6,5
6,4
6,3
6,2
6,1
5,4
5,3
5,2
5,1
4,86
4,85
4,84
4,83
4,82
4,81
4,80
4,79
4,78
4,77
4,76
4,67
4,39
4,28
4,24
4,17
4,15
4,4
4,3
4,2
4,1
3,3
3,2
3,1
2,3
2,2
2,1
0,273
0,270
0,9
0,0
125,34
125,33
125,32
